function map=mycolormap(type)
%% writen by Liangjin Song on 20200422
% colormap, white in the middle position
%%

map0=[
0       0       143
0       0       159
0       0       175
0       0       191
0       0       207
0       0       223
0       0       239
0       0       255
0       23      255
0       46      255
0       69      255
0       93      255
0       116     255
0       139     255
0       162     255
0       185     255
0       209     255
0       232     255
0       255     255
26      255     255
51      255     255
77      255     255
102     255     255
128     255     255
153     255     255
178     255     255
204     255     255
229     255     255
255     255     255
255     255     255
255     255     255
255     255     255
255     255     255
255     255     255
255     255     232
255     255     209
255     255     185
255     255     162
255     255     139
255     255     116
255     255     93
255     255     69
255     255     46
255     255     23
255     255     0
255     232     0
255     209     0
255     185     0
255     162     0
255     139     0
255     116     0
255     93      0
255     69      0
255     46      0
255     23      0
255     0       0
239     0       0
223     0       0
207     0       0
191     0       0
175     0       0
159     0       0
143     0       0
128     0       0
];
map0=map0/255;

map1=[
0.242200000000000	0.150400000000000	0.660300000000000
0.244400000000000	0.153400000000000	0.672800000000000
0.246400000000000	0.156900000000000	0.684700000000000
0.248400000000000	0.160700000000000	0.696100000000000
0.250300000000000	0.164800000000000	0.707100000000000
0.252200000000000	0.168900000000000	0.717900000000000
0.254000000000000	0.173200000000000	0.728600000000000
0.255800000000000	0.177300000000000	0.739300000000000
0.257600000000000	0.181400000000000	0.750100000000000
0.259400000000000	0.185400000000000	0.761000000000000
0.261100000000000	0.189300000000000	0.771900000000000
0.262800000000000	0.193200000000000	0.782800000000000
0.264500000000000	0.197200000000000	0.793700000000000
0.266100000000000	0.201100000000000	0.804300000000000
0.267600000000000	0.205200000000000	0.814800000000000
0.269100000000000	0.209400000000000	0.824900000000000
0.270400000000000	0.213800000000000	0.834600000000000
0.271700000000000	0.218400000000000	0.843900000000000
0.272900000000000	0.223100000000000	0.852800000000000
0.274000000000000	0.228000000000000	0.861200000000000
0.274900000000000	0.233000000000000	0.869200000000000
0.275800000000000	0.238200000000000	0.876700000000000
0.276600000000000	0.243500000000000	0.884000000000000
0.277400000000000	0.248900000000000	0.890800000000000
0.278100000000000	0.254300000000000	0.897300000000000
0.278800000000000	0.259800000000000	0.903500000000000
0.279400000000000	0.265300000000000	0.909400000000000
0.279800000000000	0.270800000000000	0.915000000000000
0.280200000000000	0.276400000000000	0.920400000000000
0.280600000000000	0.281900000000000	0.925500000000000
0.280900000000000	0.287500000000000	0.930500000000000
0.281100000000000	0.293000000000000	0.935200000000000
0.281300000000000	0.298500000000000	0.939700000000000
0.281400000000000	0.304000000000000	0.944100000000000
0.281400000000000	0.309500000000000	0.948300000000000
0.281300000000000	0.315000000000000	0.952400000000000
0.281100000000000	0.320400000000000	0.956300000000000
0.280900000000000	0.325900000000000	0.960000000000000
0.280700000000000	0.331300000000000	0.963600000000000
0.280300000000000	0.336700000000000	0.967000000000000
0.279800000000000	0.342100000000000	0.970200000000000
0.279100000000000	0.347500000000000	0.973300000000000
0.278400000000000	0.352900000000000	0.976300000000000
0.277600000000000	0.358300000000000	0.979100000000000
0.276600000000000	0.363800000000000	0.981700000000000
0.275400000000000	0.369300000000000	0.984000000000000
0.274100000000000	0.374800000000000	0.986200000000000
0.272600000000000	0.380400000000000	0.988100000000000
0.271000000000000	0.386000000000000	0.989800000000000
0.269100000000000	0.391600000000000	0.991200000000000
0.267000000000000	0.397300000000000	0.992400000000000
0.264700000000000	0.403000000000000	0.993500000000000
0.262100000000000	0.408800000000000	0.994600000000000
0.259100000000000	0.414500000000000	0.995500000000000
0.255600000000000	0.420300000000000	0.996500000000000
0.251700000000000	0.426100000000000	0.997400000000000
0.247300000000000	0.431900000000000	0.998300000000000
0.242400000000000	0.437800000000000	0.999100000000000
0.236900000000000	0.443700000000000	0.999600000000000
0.231100000000000	0.449700000000000	0.999500000000000
0.225000000000000	0.455900000000000	0.998500000000000
0.218900000000000	0.462000000000000	0.996800000000000
0.212800000000000	0.468200000000000	0.994800000000000
0.206600000000000	0.474300000000000	0.992600000000000
0.200600000000000	0.480300000000000	0.990600000000000
0.195000000000000	0.486100000000000	0.988700000000000
0.190300000000000	0.491900000000000	0.986700000000000
0.186900000000000	0.497500000000000	0.984400000000000
0.184700000000000	0.503000000000000	0.981900000000000
0.183100000000000	0.508400000000000	0.979300000000000
0.181800000000000	0.513800000000000	0.976600000000000
0.180600000000000	0.519100000000000	0.973800000000000
0.179500000000000	0.524400000000000	0.970900000000000
0.178500000000000	0.529600000000000	0.967700000000000
0.177800000000000	0.534900000000000	0.964100000000000
0.177300000000000	0.540100000000000	0.960200000000000
0.176800000000000	0.545200000000000	0.956000000000000
0.176400000000000	0.550400000000000	0.951600000000000
0.175500000000000	0.555400000000000	0.947300000000000
0.174000000000000	0.560500000000000	0.943200000000000
0.171600000000000	0.565500000000000	0.939300000000000
0.168600000000000	0.570500000000000	0.935700000000000
0.164900000000000	0.575500000000000	0.932300000000000
0.161000000000000	0.580500000000000	0.928900000000000
0.157300000000000	0.585400000000000	0.925400000000000
0.154000000000000	0.590200000000000	0.921800000000000
0.151300000000000	0.595000000000000	0.918200000000000
0.149200000000000	0.599700000000000	0.914700000000000
0.147500000000000	0.604300000000000	0.911300000000000
0.146100000000000	0.608900000000000	0.908000000000000
0.144600000000000	0.613500000000000	0.905000000000000
0.142900000000000	0.618000000000000	0.902200000000000
0.140800000000000	0.622600000000000	0.899800000000000
0.138300000000000	0.627200000000000	0.897500000000000
0.135400000000000	0.631700000000000	0.895300000000000
0.132100000000000	0.636300000000000	0.893200000000000
0.128800000000000	0.640800000000000	0.891000000000000
0.125300000000000	0.645300000000000	0.888700000000000
0.121900000000000	0.649700000000000	0.886200000000000
0.118500000000000	0.654100000000000	0.883400000000000
0.115200000000000	0.658400000000000	0.880400000000000
0.111900000000000	0.662700000000000	0.877000000000000
0.108500000000000	0.666900000000000	0.873400000000000
0.104800000000000	0.671000000000000	0.869500000000000
0.100900000000000	0.675000000000000	0.865300000000000
0.0964000000000000	0.678900000000000	0.860900000000000
0.0914000000000000	0.682800000000000	0.856200000000000
0.0855000000000000	0.686500000000000	0.851300000000000
0.0789000000000000	0.690200000000000	0.846200000000000
0.0713000000000000	0.693800000000000	0.840900000000000
0.0628000000000000	0.697200000000000	0.835500000000000
0.0535000000000000	0.700600000000000	0.829900000000000
0.0433000000000000	0.703900000000000	0.824200000000000
0.0328000000000000	0.707100000000000	0.818300000000000
0.0234000000000000	0.710300000000000	0.812400000000000
0.0155000000000000	0.713300000000000	0.806400000000000
0.00910000000000000	0.716300000000000	0.800300000000000
0.00460000000000000	0.719200000000000	0.794100000000000
0.00190000000000000	0.722000000000000	0.787800000000000
0.000900000000000000	0.724800000000000	0.781500000000000
0.00180000000000000	0.727500000000000	0.775200000000000
0.00460000000000000	0.730100000000000	0.768800000000000
