function map=mycolormap()
%% writen by Liangjin Song on 20200422
% colormap, white in the middle position
%%

map=[
0       0       143
0       0       159
0       0       175
0       0       191
0       0       207
0       0       223
0       0       239
0       0       255
0       23      255
0       46      255
0       69      255
0       93      255
0       116     255
0       139     255
0       162     255
0       185     255
0       209     255
0       232     255
0       255     255
26      255     255
51      255     255
77      255     255
102     255     255
128     255     255
153     255     255
178     255     255
204     255     255
229     255     255
255     255     255
255     255     255
255     255     255
255     255     255
255     255     255
255     255     255
255     255     232
255     255     209
255     255     185
255     255     162
255     255     139
255     255     116
255     255     93
255     255     69
255     255     46
255     255     23
255     255     0
255     232     0
255     209     0
255     185     0
255     162     0
255     139     0
255     116     0
255     93      0
255     69      0
255     46      0
255     23      0
255     0       0
239     0       0
223     0       0
207     0       0
191     0       0
175     0       0
159     0       0
143     0       0
128     0       0
];

map=map/255;
